%YAML:1.0
---
camera_matrix: !!opencv-matrix
   rows: 3
   cols: 3
   dt: d
   data: [ 935.71272664505159, 0., 319.11336582438344, 0.,
       940.60197173173822, 217.66405844998107, 0., 0., 1. ]
dist_coeffs: !!opencv-matrix
   rows: 1
   cols: 5
   dt: d
   data: [ 0.037757509942985337, 0.24173174584392765,
       -0.0015208978010544545, -0.00072013335038783916,
       -1.4905082507049849 ]
