%YAML:1.0
---
image_width: 1280
image_height: 720
camera_matrix: !!opencv-matrix
   rows: 3
   cols: 3
   dt: f
   data: [ 1.18436719e+03, 0., 6.31622437e+02, 0., 1.18374011e+03,
       3.81584412e+02, 0., 0., 1. ]
distortion_coefficients: !!opencv-matrix
   rows: 1
   cols: 5
   dt: f
   data: [ 2.27916524e-01, -1.02629352e+00, 4.88613453e-03,
       -4.17271210e-03, 1.51999605e+00 ]
